91
98
1 2 6
1 89 14
1 90 10
2 3 6
3 4 6
4 5 10
4 9 14
4 89 10
5 6 6
5 9 10
6 7 6
7 8 6
8 9 14
9 10 7
10 11 7
11 12 7
12 13 7
13 14 7
14 15 7
15 16 7
16 17 7
17 18 7
18 19 7
19 20 7
20 21 7
21 22 7
22 23 7
23 24 7
24 25 7
25 26 7
26 27 7
27 28 7
28 29 7
29 30 10
29 70 10
30 31 7
30 70 14
31 32 7
32 33 7
33 34 7
34 35 7
35 36 7
36 37 7
37 38 7
38 39 7
39 40 7
40 41 7
41 42 7
42 43 7
43 44 7
44 45 7
45 46 7
46 47 7
47 48 7
48 49 7
49 50 10
50 51 7
51 52 7
52 53 7
53 54 7
54 55 7
55 56 7
56 57 7
57 58 7
58 59 7
59 60 7
60 61 7
61 62 7
62 63 7
63 64 7
64 65 7
65 66 7
66 67 7
67 68 7
68 69 7
69 70 10
70 71 7
71 72 7
72 73 7
73 74 7
74 75 7
75 76 7
76 77 7
77 78 7
78 79 7
79 80 7
80 81 7
81 82 7
82 83 7
83 84 7
84 85 7
85 86 7
86 87 7
87 88 7
88 89 7
89 90 7
90 91 10
91 91 7